Values added upto 5 decimal points only. 

err_1 =0.0
err_2 =0.0
err_3 =-0.00446
err_4 =-0.00139
err_5 =-0.00113
err_6 =-0.11346
w_13 =-3.04461
w_14 =1.98604
w_15 =3.98867
w_23 =1.91078
w_24 =-3.02792
w_25 =0.47735
w_36 =-0.62952
w_46 =0.67969
w_56 =0.37299
